0.884719
0.218267
0.013072
0.012131
0.013459
0.012511
0.012282
0.011845
0.012214
0.012288
0.031899
0.031974
0.031902
0.011636
0.031990
0.011873
0.033470
0.012035
0.005767
0.005770
0.032295
0.005789
0.012579
0.012506
0.012714
0.012957
0.012262
0.012280
0.005743
0.005639
0.025435
0.005694
0.005655
0.005740
0.005743
0.012320
0.005664
0.005736
0.031875
0.012369
0.025475
0.005674
0.005760
0.006842
0.012284
0.031957
0.012310
0.012128
0.012436
0.005602
0.031895
0.012219
0.011741
0.012054
0.012188
0.012150
0.012079
0.012091
0.005613
0.005425
0.025177
0.005501
0.005401
0.005513
0.005491
0.005448
0.005533
0.005520
0.005450
0.005545
0.025433
0.005484
0.012280
0.005587
0.005517
0.005587
0.005571
0.012403
0.005668
0.005627
0.025409
0.005639
0.005617
0.005561
0.005645
0.005663
0.005543
0.005652
0.005636
0.005534
0.025527
0.005678
0.005607
0.005676
0.005631
0.005566
0.005650
0.005647
0.005559
0.005658
0.025551
0.005553
0.012596
0.005752
0.005548
0.005835
0.005790
0.005653
0.005766
0.005639
0.032711
0.032666
0.012231
0.012621
0.012379
0.033998
0.032255
0.012426
0.032084
0.032134
0.034079
0.012156
0.013700
0.014144
0.032793
0.012123
0.034163
0.032587
0.034069
0.012489
0.034114
0.032484
0.012544
0.014195
0.014076
0.034173
0.012664
0.013952
0.014095
0.014064
0.034127
0.014209
0.014135
0.014141
0.014246
0.014291
0.034089
0.012901
0.014007
0.034040
0.032698
0.012442
0.012277
0.012807
0.032236
0.012524
0.012569
0.012252
0.012154
0.012285
0.032292
0.012234
0.012267
0.012350
0.012185
0.012339
0.032232
0.012172
0.012347
0.012194
0.032698
0.012744
0.012197
0.012226
0.012703
0.012241
0.012131
0.012219
0.012333
0.012177
0.032115
0.012271
0.012319
0.012818
0.012254
0.013167
0.014213
0.014169
0.014219
0.014504
0.034303
0.012069
0.012163
0.012022
0.012089
0.012102
0.012118
0.011890
0.012058
0.011917
0.031589
0.012014
0.011944
0.011943
0.012084
0.012059
0.012022
0.012057
0.012068
0.012039
0.031811
0.012058
0.012063
0.012157
0.012126
0.012061
0.012217
0.012086
0.011959
0.012083
0.031667
0.011992
0.012041
0.011956
0.011831
0.012017
0.032099
0.012201
0.012227
0.012191
0.032070
0.012206
0.012203
0.012108
0.012282
0.012218
0.012572
0.012163
0.012252
0.012174
0.032321
0.012212
0.012137
0.012198
0.012190
0.012177
0.012246
0.012214
0.012137
0.032121
0.032086
0.012155
0.012248
0.012196
0.012306
0.012289
0.012215
0.012244
0.012373
0.012283
0.032720
0.012287
0.012261
0.012288
0.012277
0.012430
0.032243
0.012519
0.014271
0.014155
0.034198
0.032847
0.012652
0.034223
0.032820
0.014013
0.012332
0.012292
0.012219
0.032274
0.032196
0.012352
0.012377
0.012332
0.012376
0.032113
0.032199
0.032140
0.012446
0.012460
0.032066
0.012372
0.012359
0.012235
0.012418
0.012417
0.012221
0.032222
0.012249
0.012287
0.032164
0.012346
0.012329
0.012266
0.012465
0.012297
0.012343
0.012288
0.012378
0.032342
0.034154
0.014102
0.013937
0.012334
0.012313
0.012372
0.012459
0.012335
0.012470
0.012348
0.032233
0.012422
0.012267
0.012366
0.012388
0.012500
0.012500
0.012495
0.012788
0.012450
0.032438
0.012350
0.012298
0.012366
0.012406
0.012293
0.012312
0.014779
0.012771
0.012840
0.034715
0.012814
0.013022
0.012816
0.012729
0.012756
0.012773
0.012718
0.012838
0.012877
